[
  {
    "arg": [
      "unit_farmer_npc",
      {
        "Rotation": 180,
        "Valid": true,
        "CF": "-338.36853, 61.6803055, -86.5603867, -1, 0, -8.74227766e-08, 0, 1, 0, 8.74227766e-08, 0, -1",
        "Position": "-338.3685302734375, 61.68030548095703, -86.56038665771484"
      }
    ],
    "remote": "PlaceUnit",
    "cash": 300
  },
  {
    "arg": [
      "unit_farmer_npc",
      {
        "Rotation": 180,
        "Valid": true,
        "CF": "-332.395966, 61.6803055, -85.8877792, -1, 0, -8.74227766e-08, 0, 1, 0, 8.74227766e-08, 0, -1",
        "Position": "-332.3959655761719, 61.68030548095703, -85.88777923583984"
      }
    ],
    "remote": "PlaceUnit",
    "cash": 256
  },
  {
    "cframe": "-338.36853, 63.3845673, -86.5603867, 0.950810015, 0, -0.309774607, 0, 1, 0, 0.309774607, 0, 0.950810015",
    "remote": "UpgradeUnit",
    "cash": 312
  },
  {
    "arg": [
      "unit_farmer_npc",
      {
        "Rotation": 180,
        "Valid": true,
        "CF": "-338.281219, 61.6803055, -83.1740417, -1, 0, -8.74227766e-08, 0, 1, 0, 8.74227766e-08, 0, -1",
        "Position": "-338.2812194824219, 61.68030548095703, -83.17404174804688"
      }
    ],
    "remote": "PlaceUnit",
    "cash": 283
  },
  {
    "cframe": "-338.281219, 63.3845673, -83.1740417, 0.915014088, 0, -0.403421968, 0, 1, 0, 0.403421968, 0, 0.915014088",
    "remote": "UpgradeUnit",
    "cash": 300
  },
  {
    "cframe": "-332.395966, 63.3845673, -85.8877792, 0.0721201301, 0, 0.997395933, 0, 1, 0, -0.997395933, 0, 0.0721201301",
    "remote": "UpgradeUnit",
    "cash": 295
  },
  {
    "cframe": "-338.36853, 63.46978, -86.5603867, -0.249443531, -0, -0.968389392, 0, 1, 0, 0.968389392, 0, -0.249443531",
    "remote": "UpgradeUnit",
    "cash": 659
  },
  {
    "cframe": "-338.36853, 63.5549927, -86.5603867, -0.315131307, -0, -0.949048162, 0, 1, 0, 0.949048162, 0, -0.315131307",
    "remote": "UpgradeUnit",
    "cash": 559
  },
  {
    "cframe": "-332.395966, 63.46978, -85.8877792, -0.797436118, 0, 0.603403509, 0, 1, 0, -0.603403509, 0, -0.797436118",
    "remote": "UpgradeUnit",
    "cash": 584
  },
  {
    "cframe": "-332.395966, 63.5549927, -85.8877792, -0.289695501, 0, 0.957118928, 0, 1, 0, -0.957118928, 0, -0.289695501",
    "remote": "UpgradeUnit",
    "cash": 651
  },
  {
    "cframe": "-338.281219, 63.46978, -83.1740417, -0.34759593, -0, -0.937644541, 0, 1, 0, 0.937644541, 0, -0.34759593",
    "remote": "UpgradeUnit",
    "cash": 803
  },
  {
    "cframe": "-338.281219, 63.5549927, -83.1740417, 0.84716475, 0, -0.531330287, 0, 1, 0, 0.531330287, 0, 0.84716475",
    "remote": "UpgradeUnit",
    "cash": 575
  },
  {
    "arg": [
      "unit_palm_tree",
      {
        "Rotation": 180,
        "Valid": true,
        "CF": "-335.432007, 61.6803055, -121.749878, -1, 0, -8.74227766e-08, 0, 1, 0, 8.74227766e-08, 0, -1",
        "Position": "-335.4320068359375, 61.68030548095703, -121.7498779296875"
      }
    ],
    "remote": "PlaceUnit",
    "cash": 1402
  },
  {
    "cframe": "-335.432007, 64.5207367, -121.749878, -1, 0, 0, 0, 1, 0, 0, 0, -1",
    "remote": "UpgradeUnit",
    "cash": 912
  },
  {
    "cframe": "-335.432007, 64.6627579, -121.749878, -1, 0, 0, 0, 1, 0, 0, 0, -1",
    "remote": "UpgradeUnit",
    "cash": 1843
  },
  {
    "cframe": "-335.432007, 64.8047791, -121.749878, -1, 0, 0, 0, 1, 0, 0, 0, -1",
    "remote": "UpgradeUnit",
    "cash": 2153
  },
  {
    "cframe": "-335.432007, 64.9468002, -121.749878, -1, 0, 0, 0, 1, 0, 0, 0, -1",
    "remote": "UpgradeUnit",
    "cash": 2988
  },
  {
    "arg": [
      "unit_palm_tree",
      {
        "Rotation": 180,
        "Valid": true,
        "CF": "-339.395416, 61.6803055, -125.217896, -1, 0, -8.74227766e-08, 0, 1, 0, 8.74227766e-08, 0, -1",
        "Position": "-339.3954162597656, 61.68030548095703, -125.2178955078125"
      }
    ],
    "remote": "PlaceUnit",
    "cash": 1705
  },
  {
    "cframe": "-339.395416, 64.5207367, -125.217896, -1, 0, 0, 0, 1, 0, 0, 0, -1",
    "remote": "UpgradeUnit",
    "cash": 1005
  },
  {
    "cframe": "-339.395416, 64.6627579, -125.217896, -0.938828111, 0, -0.344387233, 0, 1, 0, 0.344387233, 0, -0.938828111",
    "remote": "UpgradeUnit",
    "cash": 1827
  },
  {
    "cframe": "-339.395416, 64.8047791, -125.217896, -0.938828111, 0, -0.344387233, 0, 1, 0, 0.344387233, 0, -0.938828111",
    "remote": "UpgradeUnit",
    "cash": 2065
  },
  {
    "cframe": "-339.395416, 64.9468002, -125.217896, -0.957408786, 0, -0.288735539, 0, 1, 0, 0.288735539, 0, -0.957408786",
    "remote": "UpgradeUnit",
    "cash": 1962
  },
  {
    "cframe": "-339.395416, 64.9468002, -125.217896, -0.951873541, 0, -0.306491137, 0, 1, 0, 0.306491137, 0, -0.951873541",
    "remote": "UpgradeUnit",
    "cash": 2841
  },
  {
    "arg": [
      "unit_palm_tree",
      {
        "Rotation": 180,
        "Valid": true,
        "CF": "-336.067139, 61.6803055, -131.521088, -1, 0, -8.74227766e-08, 0, 1, 0, 8.74227766e-08, 0, -1",
        "Position": "-336.067138671875, 61.68030548095703, -131.52108764648438"
      }
    ],
    "remote": "PlaceUnit",
    "cash": 1398
  },
  {
    "cframe": "-336.067139, 64.5207367, -131.521088, -1, 0, 0, 0, 1, 0, 0, 0, -1",
    "remote": "UpgradeUnit",
    "cash": 1172
  },
  {
    "cframe": "-336.067139, 64.6627579, -131.521088, -0.978496671, 0, 0.206263632, 0, 1, 0, -0.206263632, 0, -0.978496671",
    "remote": "UpgradeUnit",
    "cash": 2819
  },
  {
    "cframe": "-336.067139, 64.8047791, -131.521088, -0.751276255, 0, 0.659988105, 0, 1, 0, -0.659988105, 0, -0.751276255",
    "remote": "UpgradeUnit",
    "cash": 1993
  },
  {
    "cframe": "-336.067139, 64.9468002, -131.521088, 0.736645699, 0, 0.676278889, 0, 1, 0, -0.676278889, 0, 0.736645699",
    "remote": "UpgradeUnit",
    "cash": 3201
  },
  {
    "arg": [
      "unit_palm_tree",
      {
        "Rotation": 180,
        "Valid": true,
        "CF": "-336.890656, 61.6803055, -202.761688, -1, 0, -8.74227766e-08, 0, 1, 0, 8.74227766e-08, 0, -1",
        "Position": "-336.8906555175781, 61.68030548095703, -202.76168823242188"
      }
    ],
    "remote": "PlaceUnit",
    "cash": 3545
  },
  {
    "cframe": "-336.890656, 64.5207367, -202.761688, -1, 0, 0, 0, 1, 0, 0, 0, -1",
    "remote": "UpgradeUnit",
    "cash": 5641
  },
  {
    "cframe": "-336.890656, 64.6627579, -202.761688, -1, 0, 0, 0, 1, 0, 0, 0, -1",
    "remote": "UpgradeUnit",
    "cash": 4941
  },
  {
    "cframe": "-336.890656, 64.8047791, -202.761688, -0.649772167, 0, 0.760128856, 0, 1, 0, -0.760128856, 0, -0.649772167",
    "remote": "UpgradeUnit",
    "cash": 4234
  },
  {
    "cframe": "-336.890656, 64.9468002, -202.761688, -0.448194504, 0, 0.893936157, 0, 1, 0, -0.893936157, 0, -0.448194504",
    "remote": "UpgradeUnit",
    "cash": 3109
  },
  {
    "arg": [
      "unit_palm_tree",
      {
        "Rotation": 180,
        "Valid": true,
        "CF": "-329.803406, 61.6803055, -101.974945, -1, 0, -8.74227766e-08, 0, 1, 0, 8.74227766e-08, 0, -1",
        "Position": "-329.80340576171875, 61.68030548095703, -101.97494506835938"
      }
    ],
    "remote": "PlaceUnit",
    "cash": 3925
  },
  {
    "cframe": "-329.803406, 64.5207367, -101.974945, -1, 0, 0, 0, 1, 0, 0, 0, -1",
    "remote": "UpgradeUnit",
    "cash": 3225
  },
  {
    "cframe": "-329.803406, 64.6627579, -101.974945, -1, 0, 0, 0, 1, 0, 0, 0, -1",
    "remote": "UpgradeUnit",
    "cash": 2375
  },
  {
    "cframe": "-329.803406, 64.8047791, -101.974945, 0.0454811454, 0, 0.998965263, 0, 1, 0, -0.998965263, 0, 0.0454811454",
    "remote": "UpgradeUnit",
    "cash": 1899
  },
  {
    "cframe": "-329.803406, 64.9468002, -101.974945, -0.865739584, 0, 0.500495553, 0, 1, 0, -0.500495553, 0, -0.865739584",
    "remote": "UpgradeUnit",
    "cash": 3320
  },
  {
    "arg": [
      "unit_palm_tree",
      {
        "Rotation": 180,
        "Valid": true,
        "CF": "-339.056702, 61.6803055, -96.0125504, -1, 0, -8.74227766e-08, 0, 1, 0, 8.74227766e-08, 0, -1",
        "Position": "-339.05670166015625, 61.68030548095703, -96.0125503540039"
      }
    ],
    "remote": "PlaceUnit",
    "cash": 881
  },
  {
    "cframe": "-339.056702, 64.5207367, -96.0125504, -0.952843189, 0, -0.303463995, 0, 1, 0, 0.303463995, 0, -0.952843189",
    "remote": "UpgradeUnit",
    "cash": 1071
  },
  {
    "cframe": "-339.056702, 64.6627579, -96.0125504, -0.597840905, 0, -0.801614881, 0, 1, 0, 0.801614881, 0, -0.597840905",
    "remote": "UpgradeUnit",
    "cash": 1865
  },
  {
    "cframe": "-339.056702, 64.8047791, -96.0125504, 0.716466308, 0, -0.697621763, 0, 1, 0, 0.697621763, 0, 0.716466308",
    "remote": "UpgradeUnit",
    "cash": 2434
  },
  {
    "cframe": "-339.056702, 64.9468002, -96.0125504, 0.9127841, 0, -0.408442378, 0, 1, 0, 0.408442378, 0, 0.9127841",
    "remote": "UpgradeUnit",
    "cash": 3217
  },
  {
    "arg": [
      "unit_palm_tree",
      {
        "Rotation": 180,
        "Valid": true,
        "CF": "-331.020416, 61.6803055, -95.5673599, -1, 0, -8.74227766e-08, 0, 1, 0, 8.74227766e-08, 0, -1",
        "Position": "-331.0204162597656, 61.68030548095703, -95.5673599243164"
      }
    ],
    "remote": "PlaceUnit",
    "cash": 1711
  },
  {
    "cframe": "-331.020416, 64.5207367, -95.5673599, -1, 0, 0, 0, 1, 0, 0, 0, -1",
    "remote": "UpgradeUnit",
    "cash": 1485
  },
  {
    "cframe": "-331.020416, 64.6627579, -95.5673599, -0.908428431, 0, 0.418040663, 0, 1, 0, -0.418040663, 0, -0.908428431",
    "remote": "UpgradeUnit",
    "cash": 2064
  },
  {
    "cframe": "-331.020416, 64.8047791, -95.5673599, 0.0666178465, 0, 0.997778654, 0, 1, 0, -0.997778654, 0, 0.0666178465",
    "remote": "UpgradeUnit",
    "cash": 2428
  },
  {
    "cframe": "-331.020416, 64.9468002, -95.5673599, 0.940613508, 0, 0.339479417, 0, 1, 0, -0.339479417, 0, 0.940613508",
    "remote": "UpgradeUnit",
    "cash": 3460
  },
  {
    "arg": [
      "unit_palm_tree",
      {
        "Rotation": 180,
        "Valid": true,
        "CF": "-327.254578, 61.6803055, -118.03978, -1, 0, -8.74227766e-08, 0, 1, 0, 8.74227766e-08, 0, -1",
        "Position": "-327.25457763671875, 61.68030548095703, -118.03977966308594"
      }
    ],
    "remote": "PlaceUnit",
    "cash": 5104
  },
  {
    "cframe": "-327.254578, 64.5207367, -118.03978, -1, 0, 0, 0, 1, 0, 0, 0, -1",
    "remote": "UpgradeUnit",
    "cash": 5858
  },
  {
    "cframe": "-327.254578, 64.6627579, -118.03978, -1, 0, 0, 0, 1, 0, 0, 0, -1",
    "remote": "UpgradeUnit",
    "cash": 5482
  },
  {
    "cframe": "-327.254578, 64.8047791, -118.03978, 0.974951208, 0, -0.222418919, 0, 1, 0, 0.222418919, 0, 0.974951208",
    "remote": "UpgradeUnit",
    "cash": 5486
  },
  {
    "cframe": "-327.254578, 64.9468002, -118.03978, 0.956279933, 0, -0.292452872, 0, 1, 0, 0.292452872, 0, 0.956279933",
    "remote": "UpgradeUnit",
    "cash": 4796
  },
  {
    "arg": [
      "unit_palm_tree",
      {
        "Rotation": 180,
        "Valid": true,
        "CF": "-339.631134, 61.6803055, -198.296936, -1, 0, -8.74227766e-08, 0, 1, 0, 8.74227766e-08, 0, -1",
        "Position": "-339.6311340332031, 61.68030548095703, -198.29693603515625"
      }
    ],
    "remote": "PlaceUnit",
    "cash": 10379
  },
  {
    "cframe": "-339.631134, 64.5207367, -198.296936, -1, 0, 0, 0, 1, 0, 0, 0, -1",
    "remote": "UpgradeUnit",
    "cash": 10858
  },
  {
    "cframe": "-339.631134, 64.6627579, -198.296936, -1, 0, 0, 0, 1, 0, 0, 0, -1",
    "remote": "UpgradeUnit",
    "cash": 10365
  },
  {
    "cframe": "-339.631134, 64.8047791, -198.296936, -1, 0, 0, 0, 1, 0, 0, 0, -1",
    "remote": "UpgradeUnit",
    "cash": 10208
  },
  {
    "cframe": "-339.631134, 64.9468002, -198.296936, -1, 0, 0, 0, 1, 0, 0, 0, -1",
    "remote": "UpgradeUnit",
    "cash": 9596
  },
  {
    "arg": [
      "unit_palm_tree",
      {
        "Rotation": 180,
        "Valid": true,
        "CF": "-330.080444, 61.6803055, -213.510529, -1, 0, -8.74227766e-08, 0, 1, 0, 8.74227766e-08, 0, -1",
        "Position": "-330.0804443359375, 61.68030548095703, -213.51052856445312"
      }
    ],
    "remote": "PlaceUnit",
    "cash": 10925
  },
  {
    "cframe": "-330.080444, 64.5207367, -213.510529, -1, 0, 0, 0, 1, 0, 0, 0, -1",
    "remote": "UpgradeUnit",
    "cash": 11629
  },
  {
    "cframe": "-330.080444, 64.6627579, -213.510529, -1, 0, 0, 0, 1, 0, 0, 0, -1",
    "remote": "UpgradeUnit",
    "cash": 11016
  },
  {
    "cframe": "-330.080444, 64.8047791, -213.510529, -0.938391447, 0, -0.345574111, 0, 1, 0, 0.345574111, 0, -0.938391447",
    "remote": "UpgradeUnit",
    "cash": 10072
  },
  {
    "cframe": "-330.080444, 64.9468002, -213.510529, -0.942338228, 0, -0.334662855, 0, 1, 0, 0.334662855, 0, -0.942338228",
    "remote": "UpgradeUnit",
    "cash": 8434
  },
  {
    "arg": [
      "unit_palm_tree",
      {
        "Rotation": 180,
        "Valid": true,
        "CF": "-331.091278, 61.6803055, -89.681633, -1, 0, -8.74227766e-08, 0, 1, 0, 8.74227766e-08, 0, -1",
        "Position": "-331.0912780761719, 61.68030548095703, -89.68163299560547"
      }
    ],
    "remote": "PlaceUnit",
    "cash": 8850
  },
  {
    "cframe": "-331.091278, 64.5207367, -89.681633, -1, 0, 0, 0, 1, 0, 0, 0, -1",
    "remote": "UpgradeUnit",
    "cash": 8450
  },
  {
    "cframe": "-331.091278, 64.6627579, -89.681633, -1, 0, 0, 0, 1, 0, 0, 0, -1",
    "remote": "UpgradeUnit",
    "cash": 7600
  },
  {
    "cframe": "-331.091278, 64.8047791, -89.681633, -1, 0, 0, 0, 1, 0, 0, 0, -1",
    "remote": "UpgradeUnit",
    "cash": 6300
  },
  {
    "cframe": "-331.091278, 64.9468002, -89.681633, -1, 0, 0, 0, 1, 0, 0, 0, -1",
    "remote": "UpgradeUnit",
    "cash": 4425
  },
  {
    "arg": [
      "unit_palm_tree",
      {
        "Rotation": 180,
        "Valid": true,
        "CF": "-340.522278, 61.6803055, -90.2393951, -1, 0, -8.74227766e-08, 0, 1, 0, 8.74227766e-08, 0, -1",
        "Position": "-340.52227783203125, 61.68030548095703, -90.23939514160156"
      }
    ],
    "remote": "PlaceUnit",
    "cash": 2436
  },
  {
    "cframe": "-340.522278, 64.5207367, -90.2393951, -0.906294942, 0, -0.422645777, 0, 1, 0, 0.422645777, 0, -0.906294942",
    "remote": "UpgradeUnit",
    "cash": 2813
  },
  {
    "cframe": "-340.522278, 64.6627579, -90.2393951, -0.889958024, 0, -0.456042409, 0, 1, 0, 0.456042409, 0, -0.889958024",
    "remote": "UpgradeUnit",
    "cash": 2706
  },
  {
    "cframe": "-340.522278, 64.8047791, -90.2393951, -0.835930467, 0, -0.548835874, 0, 1, 0, 0.548835874, 0, -0.835930467",
    "remote": "UpgradeUnit",
    "cash": 2511
  },
  {
    "cframe": "-340.522278, 64.9468002, -90.2393951, -0.153787613, -0, -0.988103867, 0, 1, 0, 0.988103867, 0, -0.153787613",
    "remote": "UpgradeUnit",
    "cash": 2811
  },
  {
    "arg": [
      "unit_palm_tree",
      {
        "Rotation": 180,
        "Valid": true,
        "CF": "-339.058441, 61.6803055, -101.51413, -1, 0, -8.74227766e-08, 0, 1, 0, 8.74227766e-08, 0, -1",
        "Position": "-339.0584411621094, 61.68030548095703, -101.51412963867188"
      }
    ],
    "remote": "PlaceUnit",
    "cash": 607
  },
  {
    "arg": [
      "unit_palm_tree",
      {
        "Rotation": 180,
        "Valid": true,
        "CF": "-339.058441, 61.6803055, -101.51413, -1, 0, -8.74227766e-08, 0, 1, 0, 8.74227766e-08, 0, -1",
        "Position": "-339.0584411621094, 61.68030548095703, -101.51412963867188"
      }
    ],
    "remote": "PlaceUnit",
    "cash": 1107
  },
  {
    "cframe": "-339.058441, 64.5207367, -101.51413, -1, 0, 0, 0, 1, 0, 0, 0, -1",
    "remote": "UpgradeUnit",
    "cash": 1924
  },
  {
    "cframe": "-339.058441, 64.6627579, -101.51413, -1, 0, 0, 0, 1, 0, 0, 0, -1",
    "remote": "UpgradeUnit",
    "cash": 2592
  },
  {
    "cframe": "-339.058441, 64.8047791, -101.51413, -0.979433775, 0, -0.201765493, 0, 1, 0, 0.201765493, 0, -0.979433775",
    "remote": "UpgradeUnit",
    "cash": 2745
  },
  {
    "cframe": "-339.058441, 64.9468002, -101.51413, -0.975227714, 0, -0.221203253, 0, 1, 0, 0.221203253, 0, -0.975227714",
    "remote": "UpgradeUnit",
    "cash": 3711
  },
  {
    "arg": [
      "unit_palm_tree",
      {
        "Rotation": 180,
        "Valid": true,
        "CF": "-326.645172, 61.6803055, -91.5908051, -1, 0, -8.74227766e-08, 0, 1, 0, 8.74227766e-08, 0, -1",
        "Position": "-326.6451721191406, 61.68030548095703, -91.59080505371094"
      }
    ],
    "remote": "PlaceUnit",
    "cash": 1011
  },
  {
    "cframe": "-326.645172, 64.5207367, -91.5908051, -1, 0, 0, 0, 1, 0, 0, 0, -1",
    "remote": "UpgradeUnit",
    "cash": 1496
  },
  {
    "cframe": "-326.645172, 64.6627579, -91.5908051, -0.803790212, 0, 0.594913006, 0, 1, 0, -0.594913006, 0, -0.803790212",
    "remote": "UpgradeUnit",
    "cash": 3136
  },
  {
    "cframe": "-326.645172, 64.8047791, -91.5908051, -0.5860461, 0, 0.810277641, 0, 1, 0, -0.810277641, 0, -0.5860461",
    "remote": "UpgradeUnit",
    "cash": 3808
  },
  {
    "cframe": "-326.645172, 64.9468002, -91.5908051, 0.175483048, 0, 0.984482527, 0, 1, 0, -0.984482527, 0, 0.175483048",
    "remote": "UpgradeUnit",
    "cash": 4315
  },
  {
    "arg": [
      "unit_palm_tree",
      {
        "Rotation": 180,
        "Valid": true,
        "CF": "-341.765198, 61.6803055, -108.916458, -1, 0, -8.74227766e-08, 0, 1, 0, 8.74227766e-08, 0, -1",
        "Position": "-341.76519775390625, 61.68030548095703, -108.91645812988281"
      }
    ],
    "remote": "PlaceUnit",
    "cash": 6814
  },
  {
    "cframe": "-341.765198, 64.5207367, -108.916458, -1, 0, 0, 0, 1, 0, 0, 0, -1",
    "remote": "UpgradeUnit",
    "cash": 8990
  },
  {
    "cframe": "-341.765198, 64.6627579, -108.916458, -1, 0, 0, 0, 1, 0, 0, 0, -1",
    "remote": "UpgradeUnit",
    "cash": 10273
  },
  {
    "cframe": "-341.765198, 64.8047791, -108.916458, 0.748697102, 0, -0.66291225, 0, 1, 0, 0.66291225, 0, 0.748697102",
    "remote": "UpgradeUnit",
    "cash": 11777
  },
  {
    "cframe": "-341.765198, 64.9468002, -108.916458, 0.748697102, 0, -0.66291225, 0, 1, 0, 0.66291225, 0, 0.748697102",
    "remote": "UpgradeUnit",
    "cash": 11561
  },
  {
    "arg": [
      "unit_palm_tree",
      {
        "Rotation": 180,
        "Valid": true,
        "CF": "-342.524017, 61.6803055, -133.045624, -1, 0, -8.74227766e-08, 0, 1, 0, 8.74227766e-08, 0, -1",
        "Position": "-342.5240173339844, 61.68030548095703, -133.04562377929688"
      }
    ],
    "remote": "PlaceUnit",
    "cash": 13838
  },
  {
    "cframe": "-342.524017, 64.5207367, -133.045624, -1, 0, 0, 0, 1, 0, 0, 0, -1",
    "remote": "UpgradeUnit",
    "cash": 14829
  },
  {
    "cframe": "-342.524017, 64.6627579, -133.045624, -1, 0, 0, 0, 1, 0, 0, 0, -1",
    "remote": "UpgradeUnit",
    "cash": 15323
  },
  {
    "cframe": "-342.524017, 64.8047791, -133.045624, 0.483828008, 0, 0.875163078, 0, 1, 0, -0.875163078, 0, 0.483828008",
    "remote": "UpgradeUnit",
    "cash": 14893
  },
  {
    "cframe": "-342.524017, 64.9468002, -133.045624, 0.483828008, 0, 0.875163078, 0, 1, 0, -0.875163078, 0, 0.483828008",
    "remote": "UpgradeUnit",
    "cash": 14283
  },
  {
    "arg": [
      "unit_palm_tree",
      {
        "Rotation": 180,
        "Valid": true,
        "CF": "-327.206268, 61.6803055, -82.6744385, -1, 0, -8.74227766e-08, 0, 1, 0, 8.74227766e-08, 0, -1",
        "Position": "-327.2062683105469, 61.68030548095703, -82.6744384765625"
      }
    ],
    "remote": "PlaceUnit",
    "cash": 16353
  },
  {
    "cframe": "-327.206268, 64.5207367, -82.6744385, -0.707317948, 0, 0.706895947, 0, 1, 0, -0.706895947, 0, -0.707317948",
    "remote": "UpgradeUnit",
    "cash": 18986
  },
  {
    "cframe": "-327.206268, 64.6627579, -82.6744385, -0.761583924, 0, 0.648066878, 0, 1, 0, -0.648066878, 0, -0.761583924",
    "remote": "UpgradeUnit",
    "cash": 19309
  },
  {
    "cframe": "-327.206268, 64.8047791, -82.6744385, -0.708764434, 0, 0.705445409, 0, 1, 0, -0.705445409, 0, -0.708764434",
    "remote": "UpgradeUnit",
    "cash": 18793
  },
  {
    "cframe": "-327.206268, 64.9468002, -82.6744385, -0.565348983, 0, 0.82485199, 0, 1, 0, -0.82485199, 0, -0.565348983",
    "remote": "UpgradeUnit",
    "cash": 18067
  },
  {
    "arg": [
      "unit_palm_tree",
      {
        "Rotation": 180,
        "Valid": true,
        "CF": "-345.343658, 61.6803055, -83.8337097, -1, 0, -8.74227766e-08, 0, 1, 0, 8.74227766e-08, 0, -1",
        "Position": "-345.3436584472656, 61.68030548095703, -83.83370971679688"
      }
    ],
    "remote": "PlaceUnit",
    "cash": 21674
  },
  {
    "cframe": "-338.281219, 63.6402054, -83.1740417, -0.628235459, 0, -0.778023362, 0, 1, 0, 0.778023362, 0, -0.628235459",
    "remote": "SellUnit",
    "cash": 25280
  },
  {
    "cframe": "-338.36853, 63.6402054, -86.5603867, -0.880899906, 0, -0.473303467, 0, 1, 0, 0.473303467, 0, -0.880899906",
    "remote": "SellUnit",
    "cash": 26740
  },
  {
    "cframe": "-332.395966, 63.6402054, -85.8877792, -0.861150026, 0, 0.508351028, 0, 1, 0, -0.508351028, 0, -0.861150026",
    "remote": "SellUnit",
    "cash": 27854
  },
  {
    "arg": [
      "unit_palm_tree",
      {
        "Rotation": 180,
        "Valid": true,
        "CF": "-344.867065, 61.6803055, -93.5394363, -1, 0, -8.74227766e-08, 0, 1, 0, 8.74227766e-08, 0, -1",
        "Position": "-344.8670654296875, 61.68030548095703, -93.53943634033203"
      }
    ],
    "remote": "PlaceUnit",
    "cash": 28968
  },
  {
    "cframe": "-344.867065, 64.5207367, -93.5394363, -1, 0, 0, 0, 1, 0, 0, 0, -1",
    "remote": "UpgradeUnit",
    "cash": 28732
  },
  {
    "cframe": "-344.867065, 64.6627579, -93.5394363, -1, 0, 0, 0, 1, 0, 0, 0, -1",
    "remote": "UpgradeUnit",
    "cash": 27998
  },
  {
    "cframe": "-344.867065, 64.8047791, -93.5394363, -1, 0, 0, 0, 1, 0, 0, 0, -1",
    "remote": "UpgradeUnit",
    "cash": 26930
  },
  {
    "cframe": "-344.867065, 64.9468002, -93.5394363, -1, 0, 0, 0, 1, 0, 0, 0, -1",
    "remote": "UpgradeUnit",
    "cash": 25430
  },
  {
    "arg": [
      "unit_palm_tree",
      {
        "Rotation": 180,
        "Valid": true,
        "CF": "-332.169342, 61.6803055, -82.0265732, -1, 0, -8.74227766e-08, 0, 1, 0, 8.74227766e-08, 0, -1",
        "Position": "-332.1693420410156, 61.68030548095703, -82.02657318115234"
      }
    ],
    "remote": "PlaceUnit",
    "cash": 22730
  },
  {
    "cframe": "-332.169342, 64.5207367, -82.0265732, -1, 0, 0, 0, 1, 0, 0, 0, -1",
    "remote": "UpgradeUnit",
    "cash": 22030
  },
  {
    "cframe": "-332.169342, 64.6627579, -82.0265732, -1, 0, 0, 0, 1, 0, 0, 0, -1",
    "remote": "UpgradeUnit",
    "cash": 21180
  },
  {
    "cframe": "-332.169342, 64.8047791, -82.0265732, -1, 0, 0, 0, 1, 0, 0, 0, -1",
    "remote": "UpgradeUnit",
    "cash": 19880
  },
  {
    "cframe": "-332.169342, 64.9468002, -82.0265732, -1, 0, 0, 0, 1, 0, 0, 0, -1",
    "remote": "UpgradeUnit",
    "cash": 18005
  },
  {
    "arg": [
      "unit_palm_tree",
      {
        "Rotation": 180,
        "Valid": true,
        "CF": "-342.968842, 61.6803055, -85.1699677, -1, 0, -8.74227766e-08, 0, 1, 0, 8.74227766e-08, 0, -1",
        "Position": "-342.9688415527344, 61.68030548095703, -85.16996765136719"
      }
    ],
    "remote": "PlaceUnit",
    "cash": 15629
  },
  {
    "cframe": "-342.968842, 64.5207367, -85.1699677, -1, 0, 0, 0, 1, 0, 0, 0, -1",
    "remote": "UpgradeUnit",
    "cash": 15253
  },
  {
    "cframe": "-342.968842, 64.6627579, -85.1699677, -1, 0, 0, 0, 1, 0, 0, 0, -1",
    "remote": "UpgradeUnit",
    "cash": 14889
  },
  {
    "cframe": "-342.968842, 64.8047791, -85.1699677, -1, 0, 0, 0, 1, 0, 0, 0, -1",
    "remote": "UpgradeUnit",
    "cash": 13751
  },
  {
    "cframe": "-342.968842, 64.9468002, -85.1699677, -0.906557798, 0, -0.422081947, 0, 1, 0, 0.422081947, 0, -0.906557798",
    "remote": "UpgradeUnit",
    "cash": 12200
  },
  {
    "cframe": "-342.524017, 65.0888214, -133.045624, 0.960472703, 0, 0.278374195, 0, 1, 0, -0.278374195, 0, 0.960472703",
    "remote": "SellUnit",
    "cash": 14594
  },
  {
    "arg": [
      "unit_palm_tree",
      {
        "Rotation": 180,
        "Valid": true,
        "CF": "-320.809113, 61.6803055, -83.803154, -1, 0, -8.74227766e-08, 0, 1, 0, 8.74227766e-08, 0, -1",
        "Position": "-320.8091125488281, 61.68030548095703, -83.80315399169922"
      }
    ],
    "remote": "PlaceUnit",
    "cash": 25719
  },
  {
    "cframe": "-320.809113, 64.5207367, -83.803154, -1, 0, 0, 0, 1, 0, 0, 0, -1",
    "remote": "UpgradeUnit",
    "cash": 27308
  },
  {
    "cframe": "-320.809113, 64.6627579, -83.803154, -1, 0, 0, 0, 1, 0, 0, 0, -1",
    "remote": "UpgradeUnit",
    "cash": 27643
  },
  {
    "cframe": "-320.809113, 64.8047791, -83.803154, -0.559631348, 0, 0.828741789, 0, 1, 0, -0.828741789, 0, -0.559631348",
    "remote": "UpgradeUnit",
    "cash": 27962
  },
  {
    "cframe": "-320.809113, 64.9468002, -83.803154, -0.676621199, 0, 0.736331463, 0, 1, 0, -0.736331463, 0, -0.676621199",
    "remote": "UpgradeUnit",
    "cash": 27706
  },
  {
    "cframe": "-336.067139, 65.0888214, -131.521088, 0.907896221, 0, 0.419195056, 0, 1, 0, -0.419195056, 0, 0.907896221",
    "remote": "SellUnit",
    "cash": 30034
  },
  {
    "arg": [
      "unit_palm_tree",
      {
        "Rotation": 180,
        "Valid": true,
        "CF": "-347.169128, 61.6803055, -86.8477249, -1, 0, -8.74227766e-08, 0, 1, 0, 8.74227766e-08, 0, -1",
        "Position": "-347.16912841796875, 61.68030548095703, -86.84772491455078"
      }
    ],
    "remote": "PlaceUnit",
    "cash": 37521
  },
  {
    "cframe": "-347.169128, 64.5207367, -86.8477249, -1, 0, 0, 0, 1, 0, 0, 0, -1",
    "remote": "UpgradeUnit",
    "cash": 39419
  },
  {
    "cframe": "-347.169128, 64.6627579, -86.8477249, -1, 0, 0, 0, 1, 0, 0, 0, -1",
    "remote": "UpgradeUnit",
    "cash": 39745
  },
  {
    "cframe": "-347.169128, 64.8047791, -86.8477249, -0.733917713, 0, -0.679238498, 0, 1, 0, 0.679238498, 0, -0.733917713",
    "remote": "UpgradeUnit",
    "cash": 40451
  },
  {
    "cframe": "-347.169128, 64.9468002, -86.8477249, -0.767245531, 0, -0.641353786, 0, 1, 0, 0.641353786, 0, -0.767245531",
    "remote": "UpgradeUnit",
    "cash": 39634
  },
  {
    "cframe": "-339.395416, 65.0888214, -125.217896, 0.943855345, 0, 0.330359071, 0, 1, 0, -0.330359071, 0, 0.943855345",
    "remote": "SellUnit",
    "cash": 42595
  },
  {
    "arg": [
      "unit_palm_tree",
      {
        "Rotation": 180,
        "Valid": true,
        "CF": "-345.497192, 61.6803055, -99.4348831, -1, 0, -8.74227766e-08, 0, 1, 0, 8.74227766e-08, 0, -1",
        "Position": "-345.4971923828125, 61.68030548095703, -99.43488311767578"
      }
    ],
    "remote": "PlaceUnit",
    "cash": 53536
  },
  {
    "cframe": "-345.497192, 64.5207367, -99.4348831, -1, 0, 0, 0, 1, 0, 0, 0, -1",
    "remote": "UpgradeUnit",
    "cash": 52836
  },
  {
    "cframe": "-345.497192, 64.6627579, -99.4348831, -1, 0, 0, 0, 1, 0, 0, 0, -1",
    "remote": "UpgradeUnit",
    "cash": 51986
  },
  {
    "cframe": "-345.497192, 64.8047791, -99.4348831, -1, 0, 0, 0, 1, 0, 0, 0, -1",
    "remote": "UpgradeUnit",
    "cash": 50686
  },
  {
    "cframe": "-345.497192, 64.9468002, -99.4348831, -1, 0, 0, 0, 1, 0, 0, 0, -1",
    "remote": "UpgradeUnit",
    "cash": 48811
  },
  {
    "cframe": "-335.432007, 65.0888214, -121.749878, 0.88266623, 0, 0.470000386, 0, 1, 0, -0.470000386, 0, 0.88266623",
    "remote": "SellUnit",
    "cash": 48435
  },
  {
    "arg": [
      "unit_palm_tree",
      {
        "Rotation": 180,
        "Valid": true,
        "CF": "-324.688782, 61.6803055, -97.0214539, -1, 0, -8.74227766e-08, 0, 1, 0, 8.74227766e-08, 0, -1",
        "Position": "-324.68878173828125, 61.68030548095703, -97.02145385742188"
      }
    ],
    "remote": "PlaceUnit",
    "cash": 53476
  },
  {
    "cframe": "-324.688782, 64.5207367, -97.0214539, -1, 0, 0, 0, 1, 0, 0, 0, -1",
    "remote": "UpgradeUnit",
    "cash": 54100
  },
  {
    "cframe": "-324.688782, 64.6627579, -97.0214539, -1, 0, 0, 0, 1, 0, 0, 0, -1",
    "remote": "UpgradeUnit",
    "cash": 53491
  },
  {
    "cframe": "-324.688782, 64.8047791, -97.0214539, -1, 0, 0, 0, 1, 0, 0, 0, -1",
    "remote": "UpgradeUnit",
    "cash": 54798
  },
  {
    "cframe": "-324.688782, 64.9468002, -97.0214539, -0.892578125, 0, 0.450893402, 0, 1, 0, -0.450893402, 0, -0.892578125",
    "remote": "UpgradeUnit",
    "cash": 55293
  },
  {
    "cframe": "-327.254578, 65.0888214, -118.03978, 0.692501664, 0, 0.721416295, 0, 1, 0, -0.721416295, 0, 0.692501664",
    "remote": "SellUnit",
    "cash": 57720
  },
  {
    "arg": [
      "unit_palm_tree",
      {
        "Rotation": 180,
        "Valid": true,
        "CF": "-331.008331, 61.6803055, -108.612015, -1, 0, -8.74227766e-08, 0, 1, 0, 8.74227766e-08, 0, -1",
        "Position": "-331.0083312988281, 61.68030548095703, -108.61201477050781"
      }
    ],
    "remote": "PlaceUnit",
    "cash": 65699
  },
  {
    "cframe": "-331.008331, 64.5207367, -108.612015, -0.953477859, 0, 0.301463217, 0, 1, 0, -0.301463217, 0, -0.953477859",
    "remote": "UpgradeUnit",
    "cash": 71216
  },
  {
    "cframe": "-331.008331, 64.6627579, -108.612015, -0.924576521, 0, 0.380996287, 0, 1, 0, -0.380996287, 0, -0.924576521",
    "remote": "UpgradeUnit",
    "cash": 73479
  },
  {
    "cframe": "-331.008331, 64.8047791, -108.612015, -0.853325963, 0, 0.521377742, 0, 1, 0, -0.521377742, 0, -0.853325963",
    "remote": "UpgradeUnit",
    "cash": 73838
  },
  {
    "cframe": "-331.008331, 64.9468002, -108.612015, -0.639261603, 0, 0.768989265, 0, 1, 0, -0.768989265, 0, -0.639261603",
    "remote": "UpgradeUnit",
    "cash": 74720
  },
  {
    "cframe": "-339.631134, 65.0888214, -198.296936, 0.235645711, 0, -0.971839011, 0, 1, 0, 0.971839011, 0, 0.235645711",
    "remote": "SellUnit",
    "cash": 85709
  },
  {
    "cframe": "-336.890656, 65.0888214, -202.761688, -0.0465182066, -0, -0.99891752, 0, 1, 0, 0.99891752, 0, -0.0465182066",
    "remote": "SellUnit",
    "cash": 90628
  },
  {
    "cframe": "-330.080444, 65.0888214, -213.510529, -0.965057135, 0, -0.262040287, 0, 1, 0, 0.262040287, 0, -0.965057135",
    "remote": "SellUnit",
    "cash": 95549
  },
  {
    "arg": [
      "unit_palm_tree",
      {
        "Rotation": 180,
        "Valid": true,
        "CF": "-350.109009, 61.6803055, -96.6660843, -1, 0, -8.74227766e-08, 0, 1, 0, 8.74227766e-08, 0, -1",
        "Position": "-350.1090087890625, 61.68030548095703, -96.66608428955078"
      }
    ],
    "remote": "PlaceUnit",
    "cash": 104307
  },
  {
    "cframe": "-350.109009, 64.5207367, -96.6660843, -1, 0, 0, 0, 1, 0, 0, 0, -1",
    "remote": "UpgradeUnit",
    "cash": 103607
  },
  {
    "cframe": "-350.109009, 64.6627579, -96.6660843, -1, 0, 0, 0, 1, 0, 0, 0, -1",
    "remote": "UpgradeUnit",
    "cash": 102757
  },
  {
    "cframe": "-350.109009, 64.8047791, -96.6660843, -1, 0, 0, 0, 1, 0, 0, 0, -1",
    "remote": "UpgradeUnit",
    "cash": 101457
  },
  {
    "cframe": "-350.109009, 64.9468002, -96.6660843, -1, 0, 0, 0, 1, 0, 0, 0, -1",
    "remote": "UpgradeUnit",
    "cash": 100486
  },
  {
    "arg": [
      "unit_palm_tree",
      {
        "Rotation": 180,
        "Valid": true,
        "CF": "-322.952911, 61.6803055, -104.649368, -1, 0, -8.74227766e-08, 0, 1, 0, 8.74227766e-08, 0, -1",
        "Position": "-322.9529113769531, 61.68030548095703, -104.64936828613281"
      }
    ],
    "remote": "PlaceUnit",
    "cash": 100046
  },
  {
    "cframe": "-322.952911, 64.5207367, -104.649368, -1, 0, 0, 0, 1, 0, 0, 0, -1",
    "remote": "UpgradeUnit",
    "cash": 100126
  },
  {
    "cframe": "-322.952911, 64.6627579, -104.649368, -1, 0, 0, 0, 1, 0, 0, 0, -1",
    "remote": "UpgradeUnit",
    "cash": 99852
  },
  {
    "cframe": "-322.952911, 64.8047791, -104.649368, -1, 0, 0, 0, 1, 0, 0, 0, -1",
    "remote": "UpgradeUnit",
    "cash": 99737
  },
  {
    "cframe": "-322.952911, 64.9468002, -104.649368, -1, 0, 0, 0, 1, 0, 0, 0, -1",
    "remote": "UpgradeUnit",
    "cash": 99377
  },
  {
    "arg": [
      "unit_palm_tree",
      {
        "Rotation": 180,
        "Valid": true,
        "CF": "-331.694672, 61.6803055, -114.66993, -1, 0, -8.74227766e-08, 0, 1, 0, 8.74227766e-08, 0, -1",
        "Position": "-331.6946716308594, 61.68030548095703, -114.66992950439453"
      }
    ],
    "remote": "PlaceUnit",
    "cash": 102077
  },
  {
    "cframe": "-331.694672, 64.5207367, -114.66993, -1, 0, 0, 0, 1, 0, 0, 0, -1",
    "remote": "UpgradeUnit",
    "cash": 113026
  },
  {
    "cframe": "-331.694672, 64.6627579, -114.66993, -1, 0, 0, 0, 1, 0, 0, 0, -1",
    "remote": "UpgradeUnit",
    "cash": 114237
  },
  {
    "cframe": "-331.694672, 64.8047791, -114.66993, -1, 0, 0, 0, 1, 0, 0, 0, -1",
    "remote": "UpgradeUnit",
    "cash": 113813
  },
  {
    "cframe": "-331.694672, 64.9468002, -114.66993, -1, 0, 0, 0, 1, 0, 0, 0, -1",
    "remote": "UpgradeUnit",
    "cash": 113927
  }
]
